VALUE 29734
77 3
82 31
84 43
85 12
91 29
94 71
96 66
102 17
103 52
104 82
108 67
108 94
110 35
111 3
111 48
113 13
113 34
115 64
117 16
121 92
122 24
122 36
123 101
123 115
124 94
124 116
126 90
130 6
130 123
131 113
132 105
133 9
134 53
134 70
135 25
136 83
137 37
140 135
143 38
146 125
149 22
150 28
150 30
150 119
150 140
151 103
153 68
155 90
156 45
156 69
157 109
161 18
161 124
163 121
164 65
166 126
173 79
173 133
174 40
175 33
175 150
176 84
176 132
179 21
180 60
180 73
180 146
182 50
182 178
183 8
183 182
184 84
184 111
185 55
185 133
186 23
186 65
187 58
188 84
188 171
190 110
190 151
190 157
194 1
195 32
196 175
198 176
199 113
201 119
202 117
202 153
204 46
205 110
205 196
206 96
207 88
207 195
208 44
208 63
208 92
208 190
208 194
209 75
211 56
211 119
214 116
217 59
217 213
219 61
220 121
223 119
223 180
225 39
225 166
227 20
228 57
228 190
230 164
230 201
232 4
232 88
232 173
234 83
234 125
236 116
237 134
237 149
239 5
239 117
239 185
240 102
240 228
242 105
242 166
246 163
247 19
249 91
249 208
250 74
250 117
250 137
251 101
251 132
251 143
255 136
256 51
258 247
259 178
261 179
263 163
263 219
264 10
265 185
267 26
267 174
267 265
270 62
270 255
271 126
271 237
275 179
275 204
277 261
278 214
278 220
280 76
280 109
283 42
283 103
284 184
284 213
285 133
285 198
286 156
286 236
287 11
287 246
290 72
290 104
290 135
291 14
292 136
292 277
292 291
293 27
294 54
294 209
295 135
295 227
297 122
297 258
298 47
298 131
299 187
299 196
300 80
300 283
303 85
303 171
304 131
306 78
306 264
306 304
307 2
307 187
307 259
309 41
309 130
310 15
310 225
310 247
312 117
312 180
315 236
315 256
316 49
316 155
318 7
318 180
318 206
318 293
319 199
319 277
319 294
